4.618560303731600314e-02
-6.185893433470943670e-01
1.537238865068504046e+00
-1.117648712354359475e+00
-1.603537322570334211e+00
2.137401222726075467e+00
-3.774310855832951894e-01
-1.243479312366988943e+00
3.640590147752898798e+00
3.207076760607285859e-02
-6.894887785730974272e-02
1.862631645726507967e-01
-6.104824646554982692e-01
5.681468279754081641e-01
-2.320129501771455161e-01
-3.717772944689343717e-01
2.288589030826768678e-01
9.617233066241195338e-01
2.186070580697668103e-02
-3.630941773028796560e-02
-1.377400089638369796e-02
-3.101696678422258269e-02
2.855957225622246520e-02
-4.268493802693436312e-02
-4.344267613168950604e-02
-4.808681094802023243e-02
2.549777165967813120e-01
-4.422242129109819897e-04
8.471407378046739989e-03
-8.417307670888135585e-03
-1.988874845991782034e-02
1.319578926151138837e-02
-3.154263061353587694e-02
-1.060803408569339912e-02
-1.873782530138811894e-02
9.510910663962697520e-02
2.548558460154618649e-03
6.508685963931795659e-03
-9.223596212764745630e-03
1.542055277058883983e-02
-1.534659103127802675e-02
1.499082862879895246e-03
6.653228426397013798e-03
-1.530216724334769289e-02
6.016482576630603762e-02
-3.600905405367342549e-02
-2.015678116900177994e-02
2.398062119762386923e-01
-2.580576168056143427e-01
-3.998874272536558777e-02
5.485685361918422043e-01
-5.978805509797013862e-01
3.783203115135413963e-03
9.878209351330936583e-01
-2.587159687078887660e-01
3.095422369922202765e-01
-8.100395509542512862e-02
-1.255016326761948520e-02
-3.216026842659469587e-02
8.868660063229683033e-02
-1.230066164233372117e-01
9.181040412925772776e-02
1.405236454660875323e-01
-5.031048663204144233e+00
