3.915712286934744935e-01
-8.740013955310870220e-01
1.144012890817552419e+00
-1.666844531782239125e+00
-3.608068343017628576e-02
1.006000929513400921e+00
-4.010126531646135972e-01
-1.686991055509204918e+00
2.036876009898330064e+00
-2.996557675170856139e-01
1.489037736156239855e-01
8.651940041002741111e-02
8.801525908247233299e-02
4.423031274624314620e-03
-2.527686162658650260e-02
-1.843399196496155745e-01
1.558711506252914991e-01
5.132149172379768531e-01
5.324347805698004948e-02
-2.727488074281376323e-02
6.396952412825979151e-02
-1.617053403418761415e-01
1.516905318409069725e-01
-2.183123119753782593e-02
-1.669605617902233941e-01
7.980513593684962492e-02
4.046964705389708983e-01
-2.993706224687159301e-01
3.915339206955028573e-01
-2.549423435242672564e-01
2.863335001476252639e-01
3.404122470381076848e-01
-5.111814674244828938e-01
8.000510616449355017e-02
1.701615082452093419e-01
7.702151680317140259e-02
1.019186146834365619e-01
8.655752708443802124e-02
2.396589631011853960e-01
-8.529746398459268075e-01
-4.269633911721815722e-01
-5.221294066350635754e-01
-5.823994198545914130e-02
-4.578840202024038741e-01
-6.451499241753575475e-01
3.035205338837220213e-01
-1.523373075779856367e-01
-2.340570406947501125e-01
-2.272723045842888201e+00
-1.352411094279384329e+00
-8.815972917787577856e-01
-6.135025071232196314e-01
-2.477951952684244397e+00
2.696538891553099115e-01
-5.089264955692350545e-02
-4.525062146196682789e-01
1.724688452625698087e-01
2.584984107140619880e+00
1.501156558041768063e+00
1.170205126737531298e+00
3.598473207262083973e-01
2.329444132604925333e+00
1.780132588816268679e+00
-2.546931135628041024e-03
2.752574760291252032e-01
-2.027379428848699872e-01
-3.566135462931869227e-01
2.938688590754722982e-02
-6.300796936077358579e-01
-3.735648049894546574e-01
-2.605559122340311284e-01
1.843118912105748519e+00
2.274499314002731976e-01
2.356959678211563991e-01
-8.028474198970377840e-01
1.129839814086633920e+00
-2.124020571717020744e-01
-1.031871978539608881e+00
1.023843435402158608e+00
-6.279348235697146396e-02
9.157937803756630579e-01
-6.001301085724951578e-01
-2.161131976312260783e-01
3.583270453272397127e+00
-3.928440971693733186e+00
-3.568054472511134056e-01
8.187407641249055956e+00
-9.249458195041162512e+00
4.018022850830434423e-01
1.583583669247215653e+01
7.723675357426405819e-02
-1.926800359440424687e-02
-9.464888134750604198e-02
2.076984528983850248e-02
-1.157322808203180148e-01
1.015079723120463212e-01
3.654009886508101379e-02
-8.359429546649095599e-02
-1.604228316335737925e-01
-1.201881441121977895e-01
2.583124121073507862e-01
3.276484815656713345e-01
-8.170754358651749483e-01
-6.098231085025416220e-01
1.134879165186595706e+00
-1.253579404661804952e+00
3.280871751165460436e-03
6.896631421878701707e-01
-5.197159044035790654e-01
6.066405936406196187e-01
-1.348679563337537857e-01
-9.889739503693366351e-02
-1.484616186461227595e-02
9.842117734395618156e-02
-2.095195571763170950e-01
2.603538813274754449e-01
2.665516617195680116e-01
3.212005636396448871e-01
-3.289835448732727485e-01
1.382978897149902409e-01
-4.156873806537665361e-01
-1.072429000041169034e-01
3.410563757346330438e-01
8.315965889294291147e-02
-3.418445209964822151e-01
-1.446435792189758041e-01
-4.479849356126730520e-02
2.886233603104871870e-01
-3.186065913207029865e-02
1.791777885984162932e-01
4.250970143325417255e-02
1.719556086916872173e-01
-2.442790804395047199e-01
1.149028437852682299e-01
2.684264553123544284e-02
-1.943218353313131141e-01
-9.856440931503097913e-02
8.196317945188799636e-02
-1.790608812339192224e-01
3.804110948138316600e-02
-9.200984660345068282e-04
-1.528530323835885574e-03
-2.274551359416493723e-01
4.298345944555288789e-02
-1.910086782382676152e-01
-1.393904049712119952e-01
2.546225825356634442e-01
8.489691934922970196e-02
-1.047228190919743396e-01
-8.184418889673851505e-02
-3.546570508514294839e-02
-5.451562105567974575e-03
-1.335728626240821060e-01
-1.732762903541120933e-02
1.881981912765332277e-01
-1.463995660002266608e-01
-2.330668769686203290e-01
-5.630641112414225963e-02
3.599489573846437751e-01
-4.084612775209803953e-03
-3.374918728976320503e-01
2.114700972190986794e-01
2.137402689313533699e+01
